  5.0000000e-001  1.7777778e-001
  8.0000000e-001  2.0325203e-001
  1.1000000e+000  2.3228804e-001
  1.4000000e+000  2.6455026e-001
  1.7000000e+000  2.9895366e-001
  2.0000000e+000  3.3333333e-001
  2.3000000e+000  3.6429872e-001
  2.6000000e+000  3.8759690e-001
  2.9000000e+000  3.9920160e-001
  3.2000000e+000  3.9682540e-001
  3.5000000e+000  3.8095238e-001
  3.8000000e+000  3.5460993e-001
  4.1000000e+000  3.2206119e-001
  4.4000000e+000  2.8735632e-001
  4.7000000e+000  2.5348542e-001
  5.0000000e+000  2.2222222e-001
